 
Benchmark: 3 - 9@lecture_hall
***************************************************

Metrics:
==============





Instance 9@lecture_hall
=================================
        * A:  [[2, -1, 0, 0, 0, 0, 0, 0, 0, 0, 0], [0, 3, -2, 0, 0, 0, 0, 0, 0, 0, 0], [0, 0, 4, -3, 0, 0, 0, 0, 0, 0, 0], [0, 0, 0, 5, -4, 0, 0, 0, 0, 0, 0], [0, 0, 0, 0, 6, -5, 0, 0, 0, 0, 0], [0, 0, 0, 0, 0, 7, -6, 0, 0, 0, 0], [0, 0, 0, 0, 0, 0, 8, -7, 0, 0, 0], [0, 0, 0, 0, 0, 0, 0, 9, -8, 0, 0], [0, 0, 0, 0, 0, 0, 0, 0, 10, -9, 0], [0, 0, 0, 0, 0, 0, 0, 0, 0, 11, -10]]
        * b:  [0, 0, 0, 0, 0, 0, 0, 0, 0, 0]
        * E:  [0, 0, 0, 0, 0, 0, 0, 0, 0, 0]

Method: 3
============================    


    
        * name : Xin
    

    
        * parameters : {}
    

    
        * system : maple
    

    
        * metrics : [[u'total_time', u'total time']]
    

    
        * system_call : maple < 
    

    
